#Level1
## Time ###############################################
360

## Cars ###############################################
#MIN | MAX | PATTERN
 +40   +50   1 0 0 0  1 1 0 0  0 1 1 0  1
 -50   -40   0 0 0 1  0 0 0 1  0 0 0 1  0
 +40   +50   0 0 1 0  0 0 1 0  0 0 1 0  0 
 -50   -40   0 0 0 1  0 0 0 1  0 0 0 1  0
 +40   +50   0 0 1 0  0 0 1 0  0 0 1 0  0 

## Tree ###############################################
#MIN | MAX | PATTERN
 -50   +50   2 0 0 0  0 0 2 0  0 0 1 0  0 
 -50   +50   0 0 0 0  0 0 0 0  0 0 0 0  0 
 -50   +50   0 0 3 0  0 0 0 0  2 0 0 0  0 
 -50   +50   1 0 0 0  1 0 0 0  1 0 0 0  1 
 -50   +50   0 0 0 0  0 0 0 0  0 0 0 0  0 

## Turtle ###############################################
#MIN | MAX | PATTERN
  -50  +50   0 0 0 0  0 0 0 0  0 0 0 0  0
  -50  +50   0 2 0 0  0 2 0 0  0 2 0 0  0
  -50  +50   0 0 0 0  0 0 0 0  0 0 0 0  0
  -50  +50   0 0 0 0  0 0 0 0  0 0 0 0  0
  -50  +50   0 3 0 0  0 0 0 0  3 0 0 0  3
